298
Vega,0.97021,-5.96774,4.85823,-0.001,1
Sirius,-0.49439,2.4768,-0.75836,0.009,0.961956425
Fomalhaut,6.43705,-1.79583,-3.79976,0.145,0.901170969
Altair,2.36166,-4.49935,0.79277,0.221,0.83134438
Procyon,-1.46237,3.16092,0.31864,0.432,0.784617365
Gl  19,1.63874,0.1842,-7.29078,0.618,0.741609301
Gl 178,2.40102,7.59608,0.97269,0.484,0.734114183
Gl 150,5.00781,7.37218,-1.53383,0.915,0.731960776
Gl 695  A,-0.43897,-7.42265,3.90751,0.75,0.730235085
Gl 216  A,0.56144,8.27076,-3.42484,0.481,0.729477995
Gl 713  A,0.21923,-2.38146,7.69426,0.489,0.72468054
Rigel Kentaurus A,-0.50362,-0.42139,-1.17665,0.71,0.718323873
Gl 827,3.01087,-2.38549,-8.37792,0.494,0.717583515
Gl 502,-7.69786,-2.4968,4.28051,0.572,0.717032603
Gl  17,3.63406,0.31844,-7.77971,0.576,0.715003999
Gl  34  A,3.09817,0.67388,5.03807,0.587,0.714635132
Gl 780,1.31352,-2.0879,-5.58733,0.751,0.714180994
Gl 475,-6.21534,-0.922,5.5311,0.588,0.714109712
Gl 222  A,0.19908,8.12397,3.00224,0.594,0.713162098
Sol,0,0,0,0.656,0.711480512
Gl 137,5.89679,6.98774,0.5384,0.681,0.709720162
Gl 442  A,-7.01357,0.41246,-6.00079,0.664,0.709446352
Gl 506,-7.62443,-2.71554,-2.67804,0.709,0.709233432
82 G. Eri,2.84712,3.38968,-4.13835,0.711,0.707259116
Gl 566  A,-4.64161,-4.30526,2.19233,0.72,0.706855978
Gl 434,-7.86403,0.6517,5.36323,0.723,0.706841492
Gl 663  B,-1.03592,-5.25043,-2.67991,0.855,0.706639067
Gl 702  A,0.12089,-5.07966,0.22206,0.86,0.706319753
Gl  75,3.91934,1.99128,8.95517,0.804,0.705570217
Gl  71,3.15162,1.5386,-1.00165,0.727,0.705344584
Rigel Kentaurus B,-0.50359,-0.42128,-1.1767,0.9,0.705236068
Gl 666  A,-1.07227,-5.93702,-6.38794,0.764,0.705007169
Gl  53  A,4.14948,1.27288,6.18121,0.704,0.704877271
Gl 631,-3.48719,-9.12646,-0.39647,0.827,0.704703877
Gl 764,0.78575,-1.84345,5.40729,0.786,0.70450613
Gl  68,6.31622,3.02959,2.58716,0.836,0.704470189
Gl 166  A,2.20549,4.48679,-0.67104,0.82,0.704300995
Gl 785,4.37453,-6.52989,-4.01038,0.878,0.703974302
Gl 432  A,-7.96504,0.88993,-5.17166,0.811,0.703757474
Gl 144,1.8999,2.5429,-0.52881,0.881,0.703366096
Gl 663  A,-1.03566,-5.25107,-2.67874,0.85,0.703358148
p Eridani,4.10948,1.91164,-6.76944,0.88,0.703295381
Gl  66  A,4.10983,1.91132,-6.76933,0.86,0.70317618
Gl 216  B,0.56207,8.27265,-3.42018,0.94,0.702841025
96 G. Psc,7.26388,1.55643,0.68697,0.89,0.702814997
Gl 783  A,2.64881,-4.11041,-3.56547,0.868,0.702727194
Gl 183,2.23966,8.47849,-0.88317,1.049,0.702524991
Gl 892,3.46475,-0.71679,5.48329,1,0.702518843
268 G. Cet,5.56062,4.50547,0.86396,0.918,0.702509962
Groombridge 1830,-7.23832,0.22335,5.60369,0.754,0.702266832
Gl 667  A,-1.01773,-5.61967,-3.9974,1.082,0.702101561
33 G. Lib,-3.93085,-3.84453,-2.15603,1.024,0.701796902
Gl 250  A,-1.96041,8.44005,-0.78454,1.071,0.701766031
Gl 845,1.73463,-0.96855,-3.03369,1.056,0.701749356
Gl 879,6.25816,-1.78277,-3.99777,1.094,0.701492085
Gl 664,-1.0135,-5.24187,-2.66696,1.144,0.701046145
Gl 702  B,0.12071,-5.07962,0.22304,1.15,0.70102962
Gl 820  A,1.97735,-1.86259,2.17952,1.069,0.70100873
Gl 566  B,-4.64173,-4.30513,2.19234,1.16,0.700731204
Gl 667  B,-1.01933,-5.61933,-3.99747,0.4,0.700640503
Gl 673,-1.14826,-7.62843,0.2848,1.359,0.700574265
Gl 638,-2.61506,-7.71548,5.39382,1.31,0.700549216
Groombridge 1618,-2.81844,1.44553,3.70285,1.326,0.70054385
Gl 884,7.26816,-1.93804,-3.11952,1.379,0.700467216
Gl 820  B,1.98957,-1.87373,2.19224,1.309,0.700466601
Gl  34  B,3.09786,0.67205,5.03851,1.39,0.700351025
Gl 570  B,-4.98134,-4.87094,-2.7314,1.519,0.700350023
Gl 185  A,1.97201,7.69096,-3.08857,1.43,0.700344125
Gl 338  A,-2.81385,2.48065,4.922,1.41,0.700336569
Lacaille 8760,2.33065,-2.00299,-2.47654,1.397,0.700328392
Gl 338  B,-2.85144,2.51307,4.98712,1.42,0.700326957
Gl 803,5.60274,-6.37996,-5.17065,1.47,0.700295657
Gl 666  B,-1.07439,-5.93635,-6.38821,1.41,0.700257948
Gl 784,2.41268,-3.64934,-4.39984,1.431,0.700249645
Gl 205,0.70566,5.63517,-0.36448,1.474,0.70021001
Gl 809,2.25792,-2.39333,6.22912,1.483,0.700188628
Gl 678.1A,-1.28066,-9.85336,0.96535,1.461,0.700184671
Gl 229,-0.24725,5.35301,-2.15016,1.487,0.700183159
Gl 867  A,7.58564,-2.80771,-3.04367,1.466,0.700177472
Gl 880,6.34746,-1.80241,1.96131,1.507,0.700159777
Gl 424,-3.66548,0.64384,8.29876,1.412,0.700156125
Gl 514,-6.93093,-2.87036,1.37409,1.493,0.700139482
Gl 239,-1.51609,9.26131,2.97047,1.48,0.700136192
Lacaille 9352,2.59268,-0.625,-1.92745,1.483,0.700124275
Gl 526,-4.69996,-2.33593,1.39602,1.435,0.700121785
Gl 382,-6.95123,3.53052,-0.51033,1.487,0.70012064
Gl 701,0.17391,-7.7826,-0.41212,1.508,0.700108522
Gl 433,-7.57527,0.81457,-4.86088,1.489,0.700097257
Gl 686,-0.74248,-7.6688,2.5913,1.53,0.700093728
Gl 450,-6.97753,0.27032,4.93884,1.477,0.700091209
Gl 908,5.95791,-0.28099,0.25036,1.46,0.700091145
Gl 176,2.90709,8.31126,3.02755,1.52,0.700088268
Gl 569  A,-6.82484,-6.50401,2.72139,1.5,0.700086971
Gl 680,-0.6963,-6.41626,-7.3417,1.543,0.700084734
Gl 832,2.59993,-1.93146,-3.7268,1.521,0.70008372
Gl 644  A,-1.57753,-5.45542,-0.83192,1.553,0.7000812
Gl  54,2.97581,0.94358,-7.51685,1.568,0.700079612
Gl 367,-5.6846,3.81615,-7.03452,1.53,0.700078651
Gl 752  A,1.92674,-5.52302,0.52947,1.464,0.700077548
Gl 661  A,-0.91615,-4.32194,4.5225,1.485,0.70007543
Gl  84,7.69005,4.66953,-2.85639,1.514,0.70007476
Gl  15  A,2.55743,0.20511,2.47951,1.56,0.700073899
Gl 393,-6.66704,2.79806,0.10636,1.507,0.700072145
Gl   1,3.46535,0.08073,-2.64555,1.462,0.700071592
Gl 250  B,-1.96124,8.43965,-0.78677,1.5,0.700069637
Gl 412  A,-3.40534,0.82485,3.32784,1.491,0.700069198
Gl  48,2.4656,0.68937,7.7325,1.501,0.700067545
Gl 190,1.97014,8.63306,-2.90601,1.52,0.700067077
Gl 588,-2.68041,-3.56449,-3.91436,1.524,0.700066446
Lalande 21185,-1.9995,0.50462,1.49725,1.502,0.700065511
Gl 694,-0.48309,-6.87947,6.51707,1.528,0.700057299
Gl 226,-0.05809,1.28847,9.3069,1.514,0.700056705
Gl 849,7.75135,-4.04966,-0.70989,1.531,0.700052742
Gl 479,-5.86485,-0.97845,-7.61084,1.47,0.700051229
Gl 695  B,-0.43956,-7.42237,3.90798,1.49,0.700051082
Gl 438,-5.17912,0.37896,-6.60677,1.53,0.700050656
Gl 877,2.08009,-0.59844,-8.343,1.485,0.700050427
Gl 623,-2.17082,-4.88369,6.00985,1.475,0.700050408
Gl 358,-5.85877,4.11076,-6.23656,1.521,0.7000464
Gl 687,-0.17148,-1.66227,4.2083,1.505,0.700044824
Kapteyn's Star,0.58078,2.70835,-2.77036,1.543,0.700043826
Wo 9492,-3.04109,-2.60577,9.01856,1.615,0.700043264
Gl 618  A,-2.83769,-6.09013,-5.16136,1.55,0.700042826
Gl 408,-5.89765,1.57819,2.57059,1.525,0.700042655
Gl 388,-4.17713,1.95586,1.66701,1.54,0.700041769
Gl 166  B,2.20178,4.48907,-0.668,0.03,0.700039563
Gl 745  B,2.39454,-7.92798,3.1588,1.57,0.700038985
Gl 667  C,-1.01885,-5.61907,-3.99797,1.57,0.700038928
NN 3126,3.81183,2.23627,8.97045,1.54,0.700038696
Gl 793,2.01955,-2.61951,7.24081,1.542,0.700038508
Gl 625,-1.54053,-3.5179,5.34541,1.591,0.700038404
Gl 896  A,5.829,-0.71922,2.13041,1.19,0.700037247
Gl 745  A,2.32624,-7.71735,3.07615,1.57,0.700036594
Gl 674,-0.42264,-3.07118,-3.31206,1.553,0.700036401
Gl 357,-6.7495,4.90264,-3.31273,1.572,0.700034817
Gl 109,5.13825,4.47643,3.25398,1.53,0.700034334
Gl 725  A,0.33498,-1.77268,3.07814,1.504,0.700033763
Gl 695  C,-0.43956,-7.42237,3.90798,0.4,0.700033742
Gl 829,5.0916,-3.92094,2.04379,1.62,0.700033528
Gl 251,-1.14177,4.67856,3.16057,1.57,0.700032849
Gl 257  A,-1.43309,5.56222,-5.60346,1.636,0.700030509
Gl 244  B,-0.49475,2.47692,-0.75772,-0.03,0.70002923
Gl 661  B,-0.91617,-4.32053,4.52384,0.4,0.700027626
Gl 465,-8.39129,-0.91395,-2.78122,1.574,0.700024269
Kruger 60,1.97146,-0.83676,3.38744,1.613,0.700023404
Gl 581,-4.00418,-4.74919,-0.84232,1.6,0.70002322
Gl 867  B,7.58538,-2.80856,-3.04355,1.6,0.700019619
Gl 873,3.42872,-1.1333,3.52831,1.54,0.700019488
GJ 1125,-7.67984,5.85319,0.0546,1.588,0.700019276
Gl 876,4.36497,-1.30811,-1.15829,1.597,0.700019051
NN 4248,6.95119,-3.91531,-6.02919,1.65,0.700019028
Gl 486,-7.91635,-1.681,1.39097,1.563,0.700018717
NN 3325,2.16543,8.57929,-2.76823,1.661,0.700017768
NN 4063,0.92742,-6.09632,5.19722,1.42,0.70001756
Gl 693,-0.1835,-3.13275,-4.89109,1.66,0.7000169
Luyten's Star,-1.40787,3.51092,0.34656,1.573,0.700016694
Gl 628,-1.5871,-3.84593,-0.93454,1.604,0.700016558
Gl 725  B,0.3301,-1.74669,3.03258,1.561,0.700016263
Gl 318,-4.84268,5.6896,-4.84467,0.22,0.700014011
Gl 445,-1.05581,0.05693,5.28671,1.572,0.700013887
Gl 257  B,-1.43478,5.56195,-5.60329,0.4,0.700013428
NN 3801,-6.85521,-3.29633,4.99502,2.4,0.700012742
Gl 595,-4.37862,-6.37867,-2.73511,1.591,0.700012457
NN 3135,6.9808,4.2701,-4.75834,1.719,0.700012344
NN 4285,2.60991,-0.97676,-6.20574,0.4,0.700012147
Gl 747  A,2.00007,-6.57974,4.38599,1.7,0.700011971
NN 3707,-8.6135,-0.37935,-2.32014,1.58,0.700011931
NN 3378,-0.01963,3.82633,6.52513,1.6,0.70001182
Gl 285,-2.61083,5.31334,0.36764,1.6,0.700011733
Gl 105  B,5.55915,4.50805,0.85998,1.6,0.70001124
GJ 1207,-2.58956,-9.19325,-0.72572,1.6,0.700011211
NN 3193 B,5.13108,5.21492,-2.17905,0.4,0.700011079
Gl 555,-4.66786,-3.72242,-1.32589,1.633,0.700011065
Gl 682,-0.36034,-3.58969,-3.52272,1.655,0.700010673
Gl 831  A,6.29054,-4.77051,-1.36233,1.703,0.70001053
NN 3789,-6.37499,-2.69904,3.88107,1.57,0.700010429
GJ 1105,-3.02379,5.33318,5.38702,1.618,0.700010339
NN 3991,-1.14625,-5.11979,5.01055,1.696,0.700010285
NN 3304,3.07927,8.25589,4.72845,1.65,0.700009703
Gl 783  B,2.64893,-4.11155,-3.56407,0.4,0.700009175
Gl 747  B,2.00007,-6.57974,4.38599,0.4,0.700009075
Gl 268,-1.49674,4.74446,3.96176,1.7,0.700008824
NN 3522,-3.10741,3.13694,0.6583,1.67,0.700008756
Gl 166  C,2.20178,4.48907,-0.668,1.67,0.700008638
Gl 643,-1.78687,-6.17342,-0.9399,1.7,0.70000855
NN 3379,-0.00109,5.36169,0.25361,1.68,0.70000844
Gl 213,0.44003,5.6335,1.25201,1.675,0.700007938
Gl 633,-2.2499,-6.24813,-6.87726,1.61,0.70000772
Gl 203,1.19251,8.48635,1.4565,1.653,0.700007673
Gl 480.1,-5.46364,-0.98262,-5.28053,1.75,0.700007435
Gl 402,-5.34273,1.66214,0.6682,1.679,0.700006988
GJ 1065,5.06674,8.01162,-1.00892,1.7,0.700006934
GJ 1005 A,4.9955,0.33751,-1.44822,1.75,0.700006863
GJ 1001,7.27591,0.14718,-6.25623,1.63,0.70000671
Gl 280  B,-1.46276,3.16066,0.31946,0.4,0.700006396
NN 3275,3.75967,8.262,3.17171,1.7,0.700006373
Gl 729,0.58625,-2.65449,-1.20101,1.51,0.700006258
Gl 102,6.93967,5.50068,4.11713,1.7,0.70000622
GJ 1289,6.51425,-0.4829,4.8404,1.6,0.700006174
Gl 234  A,-0.52576,4.07838,-0.20201,1.69,0.700006018
GJ 1230 A,1.19139,-6.56852,3.08232,1.71,0.700005905
GJ 1138,-7.57469,2.3951,5.67933,1.66,0.700005884
NN 3049,7.30642,1.40263,-6.53286,0.4,0.700005618
NN 3323,1.52537,5.89592,-0.74101,0.4,0.700005417
Gl 440,-1.96074,0.12289,-4.18266,0.196,0.700005341
Barnard's Star,-0.01729,-1.81533,0.14824,1.57,0.700005045
Gl 283  A,-3.60999,7.71712,-2.67082,0.24,0.700005007
NN 3820,-7.28826,-4.17418,-3.02931,0.4,0.700005007
Gl 300,-2.99351,4.57994,-2.15987,1.6,0.700004978
Gl 860  B,1.97147,-0.83599,3.38762,1.8,0.700004827
Gl  15  B,2.55778,0.20298,2.47932,1.79,0.700004772
Gl 791.2,5.24752,-6.85346,1.47341,1.65,0.700004597
NN 3839,-6.11284,-4.16568,4.57105,0.4,0.700004328
Gl 896  B,5.82892,-0.7198,2.13042,1.65,0.700004257
Gl 754,1.37619,-3.74285,-4.06085,1.68,0.700004131
NN 3737,-5.56054,-0.95209,-4.46441,1.69,0.700004126
Gl 232,-0.82102,7.6013,3.31518,1.76,0.700004123
GJ 1256,6.11247,-7.25286,2.62845,1.72,0.70000409
NN 3421,-1.52746,5.33766,7.29314,1.84,0.700003998
Gl 447,-3.33289,0.17854,0.04704,1.746,0.700003949
GJ 2097,-5.7373,-1.72786,2.27799,1.62,0.700003794
GJ 1123,-1.29761,1.12014,-7.9473,1.64,0.70000378
Gl 563.2B,-2.81936,-2.5735,-1.87057,1.48,0.700003684
Gl 915,5.68997,0.05287,-5.33537,0.07,0.700003643
NN 3988,-1.45009,-5.75077,7.42861,1.75,0.700003381
GJ 1151,-5.44788,0.21148,6.13863,1.84,0.700003355
Gl 299,-3.6336,5.60097,1.03907,1.77,0.700003346
Gl 169.1B,1.07459,2.62794,4.72674,0.31,0.70000319
GJ 1103 A,-4.1219,7.76062,0.0011,1.68,0.700003051
NN 3253,4.84945,7.81088,2.81577,0.4,0.700003039
Gl 563.2A,-2.99024,-2.72914,-1.98428,1.524,0.700002998
GJ 1128,-1.84759,1.25922,-5.79478,1.73,0.700002958
GJ 1227,0.37949,-3.84336,7.28343,1.76,0.700002917
Gl 493.1,-7.82153,-2.11828,0.80627,1.75,0.700002872
NN 3306,3.30068,8.80443,-1.45527,0.33,0.700002788
Gl  51,4.02419,1.13948,7.98849,1.68,0.700002771
NN 4274,6.48215,-2.91676,-2.2545,1.84,0.700002764
Gl  83.1,3.76783,2.17869,1.01103,1.8,0.700002422
NN 3667,-8.25481,1.11187,2.7511,0.4,0.700002323
NN 3976,-2.74253,-8.82619,3.81795,1.75,0.700002311
GJ 1154 A,-8.4432,-0.52848,0.09233,1.77,0.700002283
Van Maanen's Star,4.28623,0.93362,0.41429,0.554,0.700002166
GJ 1057,5.61111,6.30203,0.70472,1.82,0.700002143
NN 4053,0.24209,-2.92941,6.66383,1.83,0.700002128
GJ 1253,2.88425,-3.89544,7.92963,1.79,0.700002068
NN 3417,-0.90002,3.48539,6.86545,0.4,0.700002061
GJ 1224,0.23956,-7.24132,-2.07221,1.79,0.700001983
Gl  54.1,3.378,1.1057,-1.08671,1.85,0.700001974
NN 3454,-2.50147,5.59169,0.76129,0.4,0.700001941
GJ 1028,9.12603,2.65184,-3.11177,1.87,0.700001622
Gl 618  B,-2.83603,-6.0896,-5.1629,1.79,0.700001548
GJ 2012,9.02601,1.65043,-3.77175,0.62,0.700001495
GJ 1087,0.12331,7.95746,0.74914,0.6,0.700001441
NN 3119,8.79875,4.63108,-1.06534,0.4,0.700001423
NN 3380,-0.06473,5.97791,7.09314,1.87,0.70000138
GJ 1230 B,1.19137,-6.56844,3.08252,0.4,0.700001336
NN 3076,7.77528,2.50448,2.25631,0.4,0.700001272
NN 4360,8.63568,-0.54513,-2.508,0.4,0.700001264
GJ 1156,-6.39515,-0.53358,1.26163,1.88,0.700001257
Gl 905,2.2646,-0.17924,2.2089,1.9,0.700001196
NN 3959,-2.85404,-7.00395,6.54209,1.72,0.700001191
GJ 2034,2.24847,4.87789,-6.10317,0.52,0.700001169
GJ 1061,1.79973,2.4758,-3.00853,1.9,0.700001108
Gl 473  A,-4.20835,-0.61742,0.675,1.83,0.700001105
Gl 293,-1.23785,2.30274,-6.39725,0.66,0.700001092
Gl 866  A,3.07152,-1.14194,-0.89853,1.98,0.700000974
GJ 1245 A,1.60578,-2.96152,3.30163,1.9,0.70000094
NN 3512,-3.27761,3.85854,8.60058,1.93,0.700000929
Gl 518,-7.44942,-3.34582,0.52734,0.95,0.700000902
Gl 432  B,-7.96419,0.88836,-5.17324,0.4,0.700000887
Gl 473  B,-4.20835,-0.61742,0.675,0.4,0.700000865
GJ 1221,-0.10259,-2.01138,5.80294,0.4,0.700000803
GJ 1103 B,-4.12247,7.76032,0.00135,0.4,0.70000075
GJ 1093,-1.8766,7.07451,2.57204,1.93,0.700000682
GJ 1002,4.65686,0.13769,-0.61445,1.98,0.700000676
GJ 1286,7.1664,-0.78061,-0.29944,1.96,0.70000067
Gl 223.2,0.13689,6.44165,-0.46611,1.05,0.70000067
Proxima Centauri,-0.47175,-0.36132,-1.15037,1.807,0.700000639
GJ 1116 A,-3.45272,3.50426,1.7676,1.84,0.700000627
Gl  65  A,2.27003,1.04443,-0.80985,1.85,0.700000625
Gl  65  B,2.27003,1.04443,-0.80985,0.4,0.700000552
GJ 1245 B,1.60599,-2.9614,3.30163,1.98,0.700000531
NN 3618,-2.04515,0.69857,-3.93375,1.82,0.700000522
NN 3128,7.56276,4.4671,1.60278,2.02,0.700000432
Gl 412  B,-3.40739,0.82029,3.32686,2.09,0.700000384
GJ 2005,6.66114,0.72083,-3.43688,0.4,0.700000363
GJ 1276,7.66363,-2.27911,-0.94948,1.9,0.700000334
NN 3146,6.80732,4.6128,1.98944,1.98,0.700000324
GJ 1116 B,-3.45269,3.50422,1.76774,1.93,0.700000272
Gl 406,-2.28262,0.64697,0.29354,2,0.700000216
Gl 283  B,-3.60999,7.71712,-2.67082,1.83,0.700000193
GJ 1111,-1.96925,2.56874,1.63405,2.06,0.700000134
NN 3622,-4.22081,1.36786,-0.88783,2.1,0.700000096
NN 3855,-3.86337,-2.98444,8.35944,0.4,0.700000044
Gl 644  C,-1.57386,-5.45573,-0.83682,1.99,0.700000042
NN 3877,-3.92823,-3.8156,-2.93068,1.34,0.700000036
Gl 752  B,1.92853,-5.52244,0.52897,2.2,0.700000012
NN 3517,-5.87252,6.20837,-0.52079,0.4,0.7